FID IID PAT MAT SEX PHENOTYPE rs1256335_G rs1256335_HET rs5082_G rs5082_HET rs982393_A rs982393_HET rs17251221_G rs17251221_HET rs4524238_A rs4524238_HET rs1481012_G rs1481012_HET rs9473555_G rs9473555_HET rs6968554_G rs6968554_HET rs17685_A rs17685_HET rs382140_A rs382140_HET rs16868941_A rs16868941_HET rs113152482_A rs113152482_HET rs525028_A rs525028_HET rs2472300_A rs2472300_HET rs10163409_A rs10163409_HET rs6420424_G rs6420424_HET rs1667255_C rs1667255_HET rs10423928_T rs10423928_HET rs838133_A rs838133_HET rs1570669_G rs1570669_HET
1_GEN/ET002 1_GEN/ET002 0 0 0 -9 0 0 0 0 0 0 0 0 1 1 2 0 0 0 0 0 0 0 0 0 0 0 0 0 0 0 0 0 0 0 0 0 1 1 0 0 0 0 0 0
3_GEN/ET026 3_GEN/ET026 0 0 0 -9 0 0 0 0 1 1 0 0 2 0 2 0 0 0 0 0 0 0 0 0 0 0 0 0 0 0 0 0 0 0 2 0 0 0 0 0 0 0 0 0
6_GEN/ET087 6_GEN/ET087 0 0 0 -9 0 0 0 0 0 0 0 0 0 0 2 0 0 0 0 0 1 1 0 0 0 0 0 0 1 1 0 0 0 0 0 0 1 1 0 0 0 0 0 0
7_GEN/ET001 7_GEN/ET001 0 0 0 -9 0 0 0 0 1 1 0 0 1 1 0 0 0 0 0 0 0 0 0 0 0 0 0 0 0 0 0 0 1 1 1 1 2 0 0 0 0 0 0 0
8_GEN/ET150 8_GEN/ET150 0 0 0 -9 0 0 0 0 0 0 0 0 0 0 0 0 0 0 1 1 1 1 0 0 0 0 0 0 1 1 2 0 0 0 1 1 0 0 0 0 0 0 1 1
9_GEN/ET003 9_GEN/ET003 0 0 0 -9 0 0 1 1 1 1 0 0 0 0 1 1 0 0 0 0 0 0 0 0 0 0 0 0 1 1 1 1 0 0 0 0 1 1 0 0 1 1 0 0
10_GEN/ET015 10_GEN/ET015 0 0 0 -9 0 0 0 0 0 0 0 0 0 0 0 0 1 1 0 0 0 0 0 0 1 1 0 0 0 0 0 0 0 0 0 0 0 0 0 0 0 0 1 1
11_GEN/ET027 11_GEN/ET027 0 0 0 -9 0 0 0 0 1 1 0 0 1 1 2 0 1 1 0 0 0 0 0 0 0 0 0 0 0 0 0 0 0 0 1 1 1 1 0 0 0 0 0 0
13_GEN/ET067 13_GEN/ET067 0 0 0 -9 0 0 0 0 1 1 0 0 2 0 1 1 0 0 0 0 0 0 0 0 0 0 0 0 0 0 0 0 0 0 0 0 1 1 0 0 0 0 0 0
15_GEN/AT010 15_GEN/AT010 0 0 0 -9 0 0 0 0 0 0 0 0 0 0 0 0 0 0 1 1 0 0 0 0 0 0 1 1 2 0 2 0 0 0 0 0 2 0 1 1 0 0 1 1
16_GEN/ET151 16_GEN/ET151 0 0 0 -9 0 0 0 0 0 0 0 0 0 0 0 0 0 0 0 0 1 1 1 1 0 0 0 0 0 0 0 0 0 0 2 0 0 0 0 0 0 0 2 0
19_GEN/ET028 19_GEN/ET028 0 0 0 -9 0 0 0 0 0 0 0 0 0 0 0 0 0 0 1 1 0 0 0 0 0 0 0 0 0 0 0 0 0 0 0 0 2 0 0 0 0 0 0 0
20_GEN/ET040 20_GEN/ET040 0 0 0 -9 0 0 0 0 0 0 0 0 1 1 1 1 0 0 0 0 0 0 0 0 0 0 0 0 2 0 0 0 0 0 0 0 0 0 0 0 0 0 1 1
21_GEN/ET068 21_GEN/ET068 0 0 0 -9 0 0 0 0 1 1 0 0 1 1 0 0 0 0 0 0 1 1 0 0 0 0 0 0 1 1 0 0 0 0 0 0 0 0 0 0 0 0 0 0
23_GEN/ET136 23_GEN/ET136 0 0 0 -9 0 0 0 0 1 1 0 0 1 1 1 1 0 0 0 0 0 0 1 1 0 0 0 0 2 0 0 0 0 0 1 1 2 0 0 0 0 0 1 1
24_GEN/ET152 24_GEN/ET152 0 0 0 -9 0 0 0 0 0 0 0 0 0 0 1 1 0 0 0 0 0 0 1 1 1 1 0 0 1 1 0 0 0 0 2 0 1 1 0 0 0 0 1 1
25_GEN/ET005 25_GEN/ET005 0 0 0 -9 0 0 1 1 0 0 0 0 2 0 1 1 0 0 0 0 0 0 0 0 0 0 0 0 0 0 1 1 0 0 1 1 1 1 0 0 0 0 1 1
26_GEN/ET017 26_GEN/ET017 0 0 0 -9 0 0 0 0 1 1 0 0 0 0 1 1 1 1 0 0 0 0 1 1 0 0 0 0 1 1 1 1 0 0 1 1 1 1 0 0 0 0 1 1
27_GEN/ET29 27_GEN/ET29 0 0 0 -9 0 0 1 1 0 0 0 0 0 0 2 0 1 1 1 1 0 0 0 0 0 0 0 0 1 1 0 0 0 0 1 1 1 1 0 0 0 0 0 0
28_GEN/ET041 28_GEN/ET041 0 0 0 -9 0 0 0 0 0 0 0 0 0 0 2 0 0 0 0 0 1 1 0 0 0 0 0 0 0 0 0 0 0 0 0 0 0 0 1 1 0 0 0 0
31_GEN/ET137 31_GEN/ET137 0 0 0 -9 0 0 0 0 0 0 1 1 0 0 0 0 0 0 0 0 0 0 0 0 0 0 0 0 1 1 1 1 1 1 1 1 1 1 0 0 0 0 1 1
32_GEN/ET153 32_GEN/ET153 0 0 0 -9 1 1 1 1 1 1 0 0 0 0 0 0 0 0 1 1 0 0 2 0 0 0 0 0 1 1 0 0 0 0 0 0 1 1 0 0 0 0 2 0
33_GEN/ET006 33_GEN/ET006 0 0 0 -9 0 0 1 1 0 0 0 0 1 1 2 0 0 0 1 1 0 0 0 0 1 1 0 0 2 0 0 0 0 0 1 1 0 0 0 0 0 0 0 0
34_GEN/ET018 34_GEN/ET018 0 0 0 -9 0 0 0 0 1 1 0 0 0 0 1 1 1 1 0 0 1 1 0 0 0 0 0 0 0 0 0 0 0 0 0 0 1 1 0 0 0 0 0 0
35_GEN/ET030 35_GEN/ET030 0 0 0 -9 0 0 1 1 0 0 0 0 2 0 2 0 0 0 0 0 0 0 0 0 0 0 0 0 0 0 1 1 0 0 1 1 0 0 0 0 0 0 1 1
36_GEN/ET042 36_GEN/ET042 0 0 0 -9 0 0 0 0 0 0 0 0 0 0 1 1 0 0 0 0 1 1 0 0 0 0 0 0 0 0 2 0 1 1 2 0 1 1 0 0 0 0 0 0
37_GEN/ET079 37_GEN/ET079 0 0 0 -9 0 0 0 0 1 1 0 0 0 0 0 0 0 0 0 0 1 1 0 0 0 0 0 0 1 1 1 1 0 0 0 0 0 0 0 0 0 0 0 0
38_GEN/ET091 38_GEN/ET091 0 0 0 -9 0 0 0 0 0 0 0 0 0 0 0 0 0 0 0 0 0 0 0 0 0 0 0 0 1 1 0 0 0 0 0 0 2 0 0 0 0 0 0 0
39_GEN/ET138 39_GEN/ET138 0 0 0 -9 0 0 0 0 0 0 1 1 1 1 1 1 0 0 0 0 1 1 0 0 0 0 0 0 0 0 0 0 0 0 2 0 1 1 0 0 0 0 0 0
40_GEN/ET154 40_GEN/ET154 0 0 0 -9 0 0 0 0 0 0 0 0 2 0 0 0 0 0 0 0 0 0 0 0 0 0 0 0 1 1 0 0 0 0 2 0 2 0 0 0 0 0 0 0
41_GEN/ET007 41_GEN/ET007 0 0 0 -9 0 0 0 0 0 0 0 0 1 1 1 1 0 0 0 0 0 0 0 0 0 0 0 0 0 0 0 0 0 0 1 1 2 0 0 0 0 0 1 1
42_GEN/ET019 42_GEN/ET019 0 0 0 -9 0 0 0 0 0 0 0 0 2 0 1 1 1 1 0 0 0 0 0 0 0 0 0 0 1 1 0 0 0 0 2 0 0 0 1 1 0 0 1 1
43_GEN/ET031 43_GEN/ET031 0 0 0 -9 0 0 0 0 0 0 0 0 1 1 0 0 0 0 0 0 0 0 0 0 0 0 0 0 1 1 0 0 0 0 1 1 1 1 0 0 0 0 0 0
45_GEN/ET080 45_GEN/ET080 0 0 0 -9 0 0 0 0 0 0 0 0 1 1 1 1 0 0 0 0 0 0 1 1 0 0 0 0 0 0 0 0 0 0 1 1 1 1 0 0 0 0 1 1
46_GEN/ET092 46_GEN/ET092 0 0 0 -9 0 0 0 0 0 0 0 0 1 1 1 1 0 0 0 0 0 0 0 0 0 0 0 0 2 0 0 0 0 0 0 0 1 1 0 0 0 0 1 1
47_GEN/ET143 47_GEN/ET143 0 0 0 -9 0 0 0 0 0 0 0 0 1 1 0 0 0 0 0 0 0 0 0 0 0 0 0 0 0 0 0 0 0 0 0 0 0 0 0 0 0 0 0 0
48_GEN/ET180 48_GEN/ET180 0 0 0 -9 0 0 0 0 0 0 0 0 1 1 1 1 0 0 0 0 0 0 0 0 0 0 0 0 0 0 0 0 0 0 2 0 2 0 0 0 0 0 0 0
49_GEN/ET008 49_GEN/ET008 0 0 0 -9 0 0 0 0 0 0 0 0 1 1 1 1 1 1 1 1 1 1 0 0 0 0 0 0 0 0 0 0 0 0 1 1 0 0 0 0 0 0 2 0
50_GEN/ET020 50_GEN/ET020 0 0 0 -9 0 0 0 0 0 0 0 0 1 1 0 0 0 0 0 0 0 0 0 0 0 0 0 0 1 1 1 1 0 0 1 1 1 1 0 0 0 0 0 0
53_GEN/ET081 53_GEN/ET081 0 0 0 -9 0 0 0 0 0 0 0 0 0 0 1 1 0 0 0 0 0 0 0 0 0 0 0 0 0 0 0 0 0 0 0 0 1 1 0 0 0 0 0 0
54_GEN/ET093 54_GEN/ET093 0 0 0 -9 0 0 0 0 1 1 0 0 1 1 0 0 0 0 0 0 0 0 0 0 0 0 0 0 0 0 0 0 1 1 0 0 2 0 0 0 0 0 0 0
55_GEN/ET144 55_GEN/ET144 0 0 0 -9 0 0 1 1 0 0 0 0 0 0 1 1 0 0 0 0 0 0 1 1 0 0 0 0 2 0 0 0 0 0 1 1 1 1 0 0 0 0 2 0
57_GEN/ET009 57_GEN/ET009 0 0 0 -9 0 0 0 0 0 0 0 0 1 1 1 1 0 0 0 0 0 0 0 0 0 0 0 0 1 1 0 0 0 0 1 1 2 0 0 0 0 0 1 1
58_GEN/ET021 58_GEN/ET021 0 0 0 -9 0 0 0 0 0 0 0 0 0 0 0 0 0 0 0 0 0 0 0 0 0 0 0 0 2 0 0 0 0 0 0 0 0 0 0 0 0 0 1 1
59_GEN/ET033 59_GEN/ET033 0 0 0 -9 0 0 0 0 0 0 0 0 0 0 1 1 0 0 0 0 0 0 0 0 0 0 1 1 0 0 0 0 0 0 2 0 0 0 0 0 0 0 0 0
62_GEN/ET094 62_GEN/ET094 0 0 0 -9 0 0 0 0 0 0 0 0 2 0 2 0 0 0 0 0 0 0 0 0 0 0 0 0 0 0 0 0 0 0 0 0 0 0 0 0 0 0 0 0
63_GEN/ET145 63_GEN/ET145 0 0 0 -9 0 0 0 0 0 0 0 0 0 0 0 0 0 0 0 0 0 0 0 0 0 0 0 0 0 0 1 1 0 0 2 0 2 0 0 0 0 0 1 1
65_GEN/ET010 65_GEN/ET010 0 0 0 -9 0 0 1 1 1 1 0 0 0 0 0 0 0 0 0 0 0 0 0 0 0 0 0 0 0 0 0 0 0 0 0 0 1 1 0 0 0 0 0 0
66_GEN/ET022 66_GEN/ET022 0 0 0 -9 0 0 2 0 0 0 0 0 0 0 1 1 0 0 0 0 0 0 0 0 0 0 0 0 0 0 1 1 0 0 1 1 1 1 0 0 0 0 1 1
67_GEN/ET034 67_GEN/ET034 0 0 0 -9 0 0 0 0 0 0 0 0 0 0 0 0 0 0 0 0 0 0 1 1 0 0 0 0 0 0 1 1 0 0 0 0 0 0 0 0 0 0 1 1
68_GEN/ET062 68_GEN/ET062 0 0 0 -9 0 0 0 0 0 0 0 0 0 0 1 1 0 0 0 0 0 0 0 0 0 0 0 0 0 0 0 0 0 0 0 0 2 0 0 0 0 0 0 0
69_GEN/ET083 69_GEN/ET083 0 0 0 -9 0 0 0 0 0 0 0 0 0 0 1 1 0 0 0 0 0 0 0 0 0 0 0 0 0 0 1 1 0 0 0 0 0 0 0 0 1 1 0 0
70_GEN/ET095 70_GEN/ET095 0 0 0 -9 0 0 1 1 1 1 0 0 0 0 1 1 0 0 0 0 0 0 0 0 0 0 0 0 1 1 0 0 0 0 1 1 0 0 0 0 0 0 2 0
72_GENET183 72_GENET183 0 0 0 -9 0 0 0 0 0 0 0 0 2 0 0 0 0 0 1 1 0 0 1 1 0 0 0 0 2 0 0 0 0 0 0 0 0 0 0 0 0 0 1 1
73_GEN/ET011 73_GEN/ET011 0 0 0 -9 0 0 0 0 2 0 0 0 0 0 1 1 0 0 0 0 1 1 1 1 0 0 0 0 2 0 0 0 0 0 0 0 1 1 0 0 0 0 1 1
74_GEN/ET023 74_GEN/ET023 0 0 0 -9 0 0 0 0 0 0 0 0 0 0 1 1 0 0 0 0 0 0 0 0 0 0 0 0 1 1 1 1 0 0 1 1 1 1 0 0 0 0 1 1
75_GEN/ET035 75_GEN/ET035 0 0 0 -9 0 0 1 1 2 0 0 0 0 0 1 1 1 1 0 0 0 0 1 1 0 0 0 0 1 1 1 1 0 0 2 0 1 1 0 0 0 0 1 1
76_GEN/ET063 76_GEN/ET063 0 0 0 -9 0 0 0 0 0 0 0 0 1 1 1 1 0 0 0 0 0 0 0 0 0 0 0 0 0 0 0 0 0 0 0 0 1 1 0 0 0 0 1 1
77_GEN/ET084 77_GEN/ET084 0 0 0 -9 0 0 0 0 0 0 0 0 1 1 0 0 0 0 0 0 1 1 0 0 0 0 0 0 1 1 0 0 0 0 0 0 1 1 0 0 1 1 2 0
80_GEN/ET184 80_GEN/ET184 0 0 0 -9 0 0 0 0 0 0 0 0 2 0 2 0 0 0 0 0 0 0 0 0 0 0 0 0 2 0 1 1 0 0 0 0 1 1 0 0 0 0 0 0
81_GEN/ET012 81_GEN/ET012 0 0 0 -9 0 0 1 1 0 0 0 0 0 0 0 0 0 0 0 0 0 0 0 0 1 1 0 0 2 0 1 1 0 0 1 1 1 1 0 0 0 0 1 1
82_GEN/ET024 82_GEN/ET024 0 0 0 -9 0 0 1 1 2 0 0 0 0 0 2 0 0 0 1 1 0 0 0 0 0 0 0 0 1 1 1 1 0 0 2 0 1 1 0 0 0 0 0 0
83_GEN/ET036 83_GEN/ET036 0 0 0 -9 0 0 0 0 0 0 0 0 0 0 1 1 0 0 0 0 1 1 1 1 0 0 0 0 0 0 0 0 0 0 1 1 1 1 0 0 0 0 1 1
84_GEN/ET064 84_GEN/ET064 0 0 0 -9 0 0 0 0 0 0 0 0 0 0 1 1 0 0 0 0 1 1 0 0 0 0 0 0 0 0 0 0 0 0 0 0 1 1 0 0 0 0 1 1
88_GEN/ET185 88_GEN/ET185 0 0 0 -9 0 0 0 0 0 0 0 0 1 1 1 1 0 0 0 0 0 0 0 0 0 0 0 0 2 0 0 0 0 0 0 0 1 1 0 0 0 0 1 1
89_GEN/ET013 89_GEN/ET013 0 0 0 -9 0 0 0 0 0 0 0 0 0 0 2 0 0 0 0 0 1 1 0 0 0 0 0 0 1 1 1 1 0 0 0 0 0 0 0 0 0 0 0 0
90_GEN/ET025 90_GEN/ET025 0 0 0 -9 0 0 1 1 0 0 0 0 1 1 0 0 0 0 0 0 0 0 0 0 0 0 0 0 0 0 0 0 0 0 1 1 2 0 0 0 0 0 0 0
91_GEN/ET037 91_GEN/ET037 0 0 0 -9 0 0 1 1 1 1 1 1 0 0 1 1 0 0 0 0 0 0 0 0 1 1 0 0 1 1 0 0 0 0 0 0 0 0 0 0 0 0 0 0
92_GEN/ET065 92_GEN/ET065 0 0 0 -9 0 0 0 0 0 0 0 0 1 1 1 1 0 0 0 0 0 0 0 0 0 0 0 0 0 0 1 1 0 0 0 0 0 0 0 0 0 0 0 0
94_GEN/ET098 94_GEN/ET098 0 0 0 -9 0 0 0 0 0 0 0 0 1 1 0 0 0 0 0 0 1 1 0 0 0 0 0 0 1 1 0 0 0 0 1 1 0 0 0 0 0 0 0 0
98_GEN/ET198 98_GEN/ET198 0 0 0 -9 0 0 0 0 0 0 0 0 0 0 1 1 0 0 0 0 0 0 0 0 0 0 0 0 2 0 0 0 0 0 0 0 1 1 0 0 0 0 1 1
99_GEN/ET057 99_GEN/ET057 0 0 0 -9 0 0 1 1 0 0 0 0 1 1 1 1 0 0 0 0 0 0 0 0 1 1 0 0 1 1 1 1 0 0 0 0 0 0 0 0 0 0 2 0
100_GEN/ET114 100_GEN/ET114 0 0 0 -9 0 0 0 0 0 0 0 0 1 1 2 0 0 0 0 0 1 1 0 0 0 0 0 0 1 1 1 1 0 0 1 1 0 0 0 0 0 0 0 0
101_GEN/ET126 101_GEN/ET126 0 0 0 -9 0 0 1 1 1 1 0 0 1 1 0 0 0 0 0 0 0 0 0 0 0 0 0 0 0 0 1 1 0 0 0 0 1 1 0 0 0 0 1 1
102_GEN/ET156 102_GEN/ET156 0 0 0 -9 0 0 0 0 0 0 0 0 1 1 1 1 1 1 0 0 0 0 0 0 0 0 0 0 0 0 0 0 0 0 0 0 1 1 0 0 0 0 2 0
103_GEN/ET170 103_GEN/ET170 0 0 0 -9 0 0 1 1 0 0 0 0 1 1 1 1 1 1 0 0 0 0 1 1 0 0 0 0 1 1 0 0 0 0 2 0 0 0 0 0 0 0 0 0
106_GEN/ET058 106_GEN/ET058 0 0 0 -9 0 0 0 0 0 0 0 0 1 1 0 0 0 0 0 0 0 0 0 0 0 0 0 0 0 0 1 1 0 0 0 0 1 1 0 0 0 0 0 0
108_GEN/ET127 108_GEN/ET127 0 0 0 -9 0 0 0 0 0 0 0 0 1 1 2 0 0 0 0 0 0 0 0 0 0 0 0 0 1 1 1 1 0 0 0 0 0 0 1 1 0 0 1 1
109_GEN/ET160 109_GEN/ET160 0 0 0 -9 0 0 0 0 0 0 0 0 1 1 1 1 0 0 0 0 1 1 0 0 0 0 0 0 0 0 0 0 0 0 0 0 1 1 0 0 0 0 1 1
110_GEN/ET171 110_GEN/ET171 0 0 0 -9 0 0 0 0 0 0 0 0 0 0 0 0 0 0 0 0 0 0 0 0 0 0 0 0 1 1 0 0 1 1 0 0 0 0 0 0 0 0 0 0
111_GEN/ET188 111_GEN/ET188 0 0 0 -9 0 0 0 0 1 1 0 0 0 0 0 0 0 0 0 0 2 0 0 0 0 0 0 0 0 0 0 0 0 0 0 0 1 1 0 0 0 0 0 0
114_GEN/ET116 114_GEN/ET116 0 0 0 -9 0 0 0 0 0 0 0 0 1 1 0 0 0 0 0 0 0 0 0 0 0 0 0 0 0 0 2 0 0 0 2 0 1 1 0 0 0 0 0 0
115_GEN/ET056 115_GEN/ET056 0 0 0 -9 0 0 0 0 1 1 0 0 1 1 0 0 1 1 1 1 0 0 0 0 0 0 1 1 2 0 1 1 0 0 0 0 1 1 0 0 0 0 1 1
116_GEN/ET161 116_GEN/ET161 0 0 0 -9 0 0 0 0 0 0 0 0 0 0 2 0 0 0 1 1 0 0 1 1 0 0 0 0 1 1 1 1 0 0 0 0 2 0 0 0 0 0 1 1
117_GEN/ET173 117_GEN/ET173 0 0 0 -9 0 0 0 0 0 0 1 1 0 0 0 0 0 0 0 0 1 1 0 0 0 0 0 0 1 1 0 0 0 0 0 0 1 1 0 0 0 0 0 0
119_GEN/ET046 119_GEN/ET046 0 0 0 -9 2 0 0 0 0 0 0 0 1 1 0 0 0 0 0 0 0 0 1 1 0 0 0 0 0 0 1 1 0 0 0 0 2 0 0 0 0 0 0 0
120_GEN/ET099 120_GEN/ET099 0 0 0 -9 0 0 1 1 0 0 0 0 1 1 0 0 0 0 0 0 0 0 0 0 0 0 0 0 0 0 1 1 0 0 0 0 2 0 0 0 0 0 0 0
121_GEN/ET117 121_GEN/ET117 0 0 0 -9 0 0 0 0 0 0 0 0 0 0 0 0 0 0 0 0 0 0 2 0 0 0 0 0 0 0 1 1 0 0 0 0 1 1 0 0 0 0 0 0
122_GEN/AT012 122_GEN/AT012 0 0 0 -9 0 0 0 0 0 0 0 0 0 0 0 0 0 0 2 0 0 0 1 1 0 0 0 0 2 0 1 1 0 0 2 0 0 0 0 0 1 1 1 1
123_GEN/ET172 123_GEN/ET172 0 0 0 -9 0 0 0 0 0 0 0 0 1 1 0 0 0 0 0 0 0 0 1 1 0 0 0 0 0 0 0 0 0 0 0 0 1 1 0 0 0 0 0 0
124_GEN/ET174 124_GEN/ET174 0 0 0 -9 0 0 0 0 0 0 0 0 0 0 1 1 0 0 0 0 1 1 1 1 0 0 0 0 2 0 0 0 0 0 0 0 1 1 0 0 1 1 0 0
127_GEN/ET100 127_GEN/ET100 0 0 0 -9 0 0 0 0 0 0 0 0 1 1 1 1 0 0 0 0 0 0 0 0 0 0 0 0 1 1 1 1 0 0 0 0 0 0 0 0 0 0 0 0
128_GEN/ET118 128_GEN/ET118 0 0 0 -9 0 0 0 0 0 0 0 0 1 1 0 0 0 0 0 0 0 0 1 1 0 0 0 0 0 0 1 1 0 0 1 1 0 0 0 0 0 0 1 1
130_GEN/ET130 130_GEN/ET130 0 0 0 -9 0 0 1 1 1 1 0 0 0 0 2 0 0 0 1 1 0 0 1 1 0 0 0 0 1 1 0 0 0 0 2 0 1 1 0 0 0 0 1 1
131_GEN/ET175 131_GEN/ET175 0 0 0 -9 0 0 1 1 0 0 0 0 1 1 2 0 0 0 0 0 0 0 0 0 0 0 0 0 1 1 0 0 0 0 0 0 1 1 0 0 0 0 1 1
132_GEN/ET191 132_GEN/ET191 0 0 0 -9 0 0 0 0 0 0 0 0 0 0 1 1 0 0 0 0 1 1 0 0 0 0 0 0 0 0 0 0 0 0 0 0 1 1 0 0 0 0 2 0
133_GEN/ET048 133_GEN/ET048 0 0 0 -9 0 0 0 0 0 0 0 0 1 1 0 0 0 0 0 0 0 0 0 0 0 0 0 0 0 0 0 0 0 0 0 0 0 0 0 0 0 0 2 0
135_GEN/ET119 135_GEN/ET119 0 0 0 -9 0 0 0 0 0 0 0 0 1 1 2 0 0 0 0 0 0 0 1 1 0 0 0 0 0 0 0 0 0 0 0 0 1 1 0 0 0 0 0 0
136_GE/ET104 136_GE/ET104 0 0 0 -9 0 0 1 1 0 0 0 0 2 0 1 1 0 0 1 1 0 0 1 1 0 0 0 0 2 0 0 0 0 0 0 0 2 0 0 0 0 0 0 0
137_GEN/ET131 137_GEN/ET131 0 0 0 -9 0 0 0 0 1 1 0 0 0 0 2 0 0 0 1 1 0 0 1 1 0 0 0 0 1 1 1 1 0 0 2 0 2 0 0 0 0 0 0 0
138_GEN/ET176 138_GEN/ET176 0 0 0 -9 0 0 1 1 0 0 0 0 0 0 0 0 0 0 0 0 0 0 1 1 0 0 0 0 1 1 0 0 0 0 1 1 0 0 0 0 0 0 1 1
139_GEN/ET192 139_GEN/ET192 0 0 0 -9 0 0 0 0 0 0 0 0 0 0 0 0 0 0 0 0 0 0 0 0 0 0 0 0 1 1 0 0 0 0 1 1 2 0 0 0 0 0 0 0
140_GEN/ET050 140_GEN/ET050 0 0 0 -9 0 0 0 0 0 0 0 0 0 0 1 1 0 0 0 0 1 1 1 1 0 0 0 0 1 1 1 1 0 0 0 0 1 1 0 0 1 1 1 1
141_GEN/ET107 141_GEN/ET107 0 0 0 -9 0 0 0 0 0 0 0 0 0 0 0 0 0 0 0 0 0 0 1 1 0 0 0 0 1 1 0 0 0 0 0 0 1 1 0 0 0 0 0 0
142_GEN/ET120 142_GEN/ET120 0 0 0 -9 0 0 0 0 0 0 0 0 0 0 0 0 0 0 0 0 0 0 0 0 0 0 0 0 0 0 1 1 0 0 1 1 1 1 0 0 0 0 1 1
143_GEN/ET103 143_GEN/ET103 0 0 0 -9 0 0 0 0 0 0 0 0 0 0 0 0 0 0 0 0 1 1 0 0 0 0 0 0 0 0 1 1 0 0 1 1 2 0 0 0 1 1 1 1
144_GEN/ET133 144_GEN/ET133 0 0 0 -9 0 0 0 0 0 0 0 0 1 1 0 0 0 0 0 0 1 1 0 0 0 0 0 0 2 0 1 1 0 0 0 0 0 0 0 0 0 0 1 1
145_GEN/ET178 145_GEN/ET178 0 0 0 -9 1 1 0 0 1 1 0 0 1 1 2 0 0 0 0 0 0 0 0 0 0 0 0 0 1 1 0 0 0 0 1 1 0 0 0 0 1 1 0 0
146_GEN/ET193 146_GEN/ET193 0 0 0 -9 0 0 0 0 0 0 1 1 1 1 0 0 0 0 0 0 1 1 1 1 0 0 0 0 0 0 1 1 0 0 1 1 0 0 0 0 0 0 1 1
147_GEN/ET051 147_GEN/ET051 0 0 0 -9 1 1 0 0 0 0 0 0 0 0 2 0 0 0 0 0 0 0 1 1 0 0 0 0 1 1 1 1 0 0 1 1 0 0 0 0 0 0 1 1
148_GEN/ET108 148_GEN/ET108 0 0 0 -9 0 0 0 0 0 0 0 0 0 0 1 1 0 0 0 0 0 0 1 1 0 0 0 0 1 1 0 0 0 0 0 0 0 0 0 0 0 0 1 1
149_GEN/ET121 149_GEN/ET121 0 0 0 -9 0 0 2 0 1 1 0 0 1 1 0 0 0 0 0 0 1 1 1 1 0 0 0 0 0 0 0 0 0 0 0 0 2 0 0 0 0 0 1 1
150_GEN/ET102 150_GEN/ET102 0 0 0 -9 0 0 1 1 0 0 0 0 2 0 1 1 0 0 0 0 0 0 0 0 0 0 0 0 1 1 0 0 0 0 1 1 1 1 0 0 0 0 0 0
151_GEN/ET162 151_GEN/ET162 0 0 0 -9 0 0 0 0 0 0 0 0 0 0 0 0 0 0 0 0 0 0 1 1 0 0 0 0 0 0 1 1 1 1 2 0 1 1 1 1 0 0 0 0
153_GEN/ET194 153_GEN/ET194 0 0 0 -9 0 0 0 0 0 0 0 0 0 0 1 1 0 0 1 1 0 0 0 0 1 1 0 0 1 1 0 0 0 0 1 1 2 0 0 0 0 0 1 1
154_GEN/052 154_GEN/052 0 0 0 -9 0 0 0 0 0 0 0 0 0 0 1 1 0 0 0 0 0 0 0 0 0 0 0 0 0 0 1 1 0 0 1 1 1 1 0 0 0 0 0 0
155_GEN/ET109 155_GEN/ET109 0 0 0 -9 1 1 0 0 0 0 0 0 0 0 1 1 0 0 0 0 0 0 0 0 0 0 0 0 0 0 2 0 0 0 1 1 1 1 0 0 0 0 1 1
156_GEN/ET122 156_GEN/ET122 0 0 0 -9 0 0 0 0 1 1 0 0 1 1 1 1 0 0 0 0 1 1 1 1 0 0 0 0 0 0 0 0 0 0 0 0 1 1 0 0 0 0 0 0
157_GEN/ET132 157_GEN/ET132 0 0 0 -9 0 0 0 0 0 0 0 0 1 1 1 1 0 0 0 0 1 1 0 0 0 0 0 0 1 1 1 1 0 0 0 0 0 0 0 0 0 0 1 1
158_GEN/ET158 158_GEN/ET158 0 0 0 -9 0 0 0 0 2 0 0 0 0 0 0 0 0 0 0 0 0 0 1 1 0 0 0 0 2 0 0 0 0 0 0 0 1 1 0 0 0 0 1 1
160_GEN/ET053 160_GEN/ET053 0 0 0 -9 0 0 0 0 1 1 0 0 0 0 0 0 0 0 0 0 0 0 0 0 0 0 0 0 0 0 0 0 0 0 0 0 1 1 0 0 0 0 1 1
161_GEN/ET111 161_GEN/ET111 0 0 0 -9 1 1 0 0 0 0 0 0 1 1 0 0 1 1 0 0 0 0 0 0 0 0 0 0 0 0 2 0 0 0 0 0 2 0 0 0 0 0 1 1
163_GEN/ET167 163_GEN/ET167 0 0 0 -9 0 0 0 0 1 1 0 0 0 0 2 0 1 1 0 0 0 0 1 1 1 1 0 0 1 1 0 0 0 0 1 1 1 1 0 0 0 0 0 0
164_GEN/ET157 164_GEN/ET157 0 0 0 -9 0 0 0 0 0 0 0 0 0 0 2 0 0 0 0 0 0 0 0 0 0 0 0 0 0 0 0 0 0 0 0 0 0 0 0 0 0 0 0 0
166_GEN/ET054 166_GEN/ET054 0 0 0 -9 0 0 0 0 1 1 0 0 0 0 0 0 0 0 0 0 1 1 1 1 0 0 0 0 1 1 1 1 0 0 0 0 0 0 0 0 0 0 1 1
167_GEN/ET112 167_GEN/ET112 0 0 0 -9 1 1 1 1 0 0 0 0 0 0 0 0 0 0 0 0 0 0 1 1 0 0 0 0 1 1 1 1 0 0 0 0 0 0 0 0 0 0 1 1
168_GEN/ET124 168_GEN/ET124 0 0 0 -9 1 1 0 0 1 1 0 0 0 0 2 0 0 0 0 0 0 0 0 0 0 0 0 0 0 0 1 1 0 0 1 1 0 0 0 0 0 0 0 0
169_GEN/ET169 169_GEN/ET169 0 0 0 -9 0 0 0 0 1 1 0 0 0 0 1 1 0 0 1 1 0 0 1 1 0 0 0 0 1 1 0 0 0 0 1 1 1 1 0 0 0 0 0 0
170_GEN/ET163 170_GEN/ET163 0 0 0 -9 0 0 1 1 0 0 0 0 1 1 1 1 0 0 0 0 0 0 0 0 0 0 0 0 1 1 0 0 0 0 1 1 0 0 0 0 0 0 1 1
172_GEN/ET055 172_GEN/ET055 0 0 0 -9 0 0 0 0 0 0 0 0 0 0 1 1 0 0 0 0 1 1 1 1 0 0 0 0 1 1 1 1 0 0 0 0 1 1 0 0 0 0 1 1
173_GEN/ET113 173_GEN/ET113 0 0 0 -9 0 0 0 0 0 0 0 0 2 0 1 1 0 0 0 0 0 0 1 1 0 0 0 0 0 0 0 0 0 0 1 1 1 1 0 0 0 0 0 0
174_GEN/ET125 174_GEN/ET125 0 0 0 -9 0 0 0 0 0 0 0 0 1 1 1 1 0 0 0 0 0 0 2 0 0 0 0 0 0 0 0 0 0 0 1 1 0 0 0 0 0 0 1 1
175_GEN/ET177 175_GEN/ET177 0 0 0 -9 0 0 0 0 1 1 0 0 2 0 0 0 0 0 0 0 1 1 0 0 1 1 0 0 0 0 1 1 0 0 0 0 0 0 0 0 0 0 0 0
176_GEN/ET168 176_GEN/ET168 0 0 0 -9 0 0 0 0 0 0 0 0 0 0 0 0 0 0 0 0 1 1 0 0 0 0 0 0 0 0 0 0 0 0 0 0 0 0 0 0 0 0 0 0
179_GEN/AT051 179_GEN/AT051 0 0 0 -9 1 1 0 0 0 0 0 0 0 0 1 1 1 1 1 1 0 0 0 0 0 0 0 0 1 1 0 0 0 0 2 0 1 1 0 0 0 0 1 1
181_GEN/ET202 181_GEN/ET202 0 0 0 -9 0 0 1 1 0 0 0 0 1 1 1 1 1 1 0 0 0 0 0 0 0 0 0 0 1 1 0 0 0 0 0 0 0 0 0 0 0 0 1 1
182_GEN/ET214 182_GEN/ET214 0 0 0 -9 0 0 0 0 0 0 0 0 1 1 0 0 1 1 0 0 1 1 0 0 0 0 0 0 2 0 0 0 0 0 1 1 1 1 0 0 0 0 0 0
183_GEN/ET226 183_GEN/ET226 0 0 0 -9 0 0 0 0 0 0 0 0 1 1 1 1 0 0 0 0 0 0 0 0 0 0 0 0 1 1 1 1 0 0 1 1 0 0 0 0 0 0 1 1
185_GEN/AT125 185_GEN/AT125 0 0 0 -9 1 1 0 0 1 1 1 1 1 1 1 1 1 1 1 1 0 0 1 1 0 0 0 0 1 1 1 1 1 1 0 0 1 1 0 0 1 1 1 1
189_GEN/ET203 189_GEN/ET203 0 0 0 -9 0 0 0 0 0 0 0 0 0 0 0 0 0 0 0 0 0 0 0 0 0 0 0 0 0 0 0 0 0 0 0 0 0 0 0 0 0 0 0 0
190_GEN/ET215 190_GEN/ET215 0 0 0 -9 0 0 0 0 0 0 0 0 0 0 1 1 1 1 0 0 0 0 0 0 0 0 0 0 1 1 0 0 0 0 0 0 0 0 0 0 0 0 0 0
191_GEN/ET227 191_GEN/ET227 0 0 0 -9 0 0 0 0 0 0 0 0 2 0 0 0 0 0 0 0 0 0 0 0 0 0 0 0 2 0 0 0 0 0 1 1 0 0 0 0 0 0 0 0
192_GEN/AT154 192_GEN/AT154 0 0 0 -9 0 0 1 1 0 0 0 0 0 0 0 0 0 0 1 1 0 0 0 0 0 0 0 0 0 0 1 1 0 0 0 0 0 0 0 0 1 1 1 1
193_GEN/AT151 193_GEN/AT151 0 0 0 -9 0 0 0 0 1 1 0 0 0 0 0 0 0 0 2 0 0 0 1 1 1 1 0 0 2 0 0 0 1 1 1 1 2 0 1 1 0 0 2 0
195_GEN/AT104 195_GEN/AT104 0 0 0 -9 0 0 0 0 0 0 1 1 0 0 0 0 1 1 1 1 1 1 0 0 0 0 0 0 1 1 0 0 0 0 2 0 0 0 1 1 0 0 0 0
196_GEN/AT128 196_GEN/AT128 0 0 0 -9 1 1 0 0 0 0 0 0 1 1 1 1 1 1 0 0 0 0 0 0 0 0 0 0 1 1 0 0 0 0 0 0 0 0 0 0 0 0 1 1
198_GEN/ET216 198_GEN/ET216 0 0 0 -9 0 0 1 1 0 0 0 0 1 1 0 0 0 0 0 0 0 0 0 0 0 0 0 0 0 0 0 0 0 0 1 1 1 1 0 0 0 0 1 1
200_GEN/AT149 200_GEN/AT149 0 0 0 -9 0 0 0 0 0 0 1 1 1 1 2 0 1 1 1 1 0 0 1 1 0 0 1 1 0 0 1 1 1 1 1 1 2 0 1 1 1 1 1 1
202_GEN/ET135 202_GEN/ET135 0 0 0 -9 0 0 0 0 0 0 0 0 1 1 0 0 0 0 0 0 0 0 1 1 0 0 0 0 1 1 0 0 1 1 1 1 2 0 0 0 0 0 1 1
206_GEN/ET217 206_GEN/ET217 0 0 0 -9 0 0 0 0 0 0 0 0 1 1 0 0 0 0 0 0 0 0 1 1 0 0 0 0 0 0 0 0 1 1 1 1 1 1 0 0 0 0 1 1
207_GEN/ET233 207_GEN/ET233 0 0 0 -9 0 0 1 1 0 0 0 0 0 0 1 1 0 0 0 0 0 0 0 0 0 0 0 0 1 1 0 0 0 0 1 1 1 1 0 0 0 0 1 1
208_GEN/AT146 208_GEN/AT146 0 0 0 -9 1 1 0 0 0 0 1 1 0 0 0 0 2 0 0 0 0 0 1 1 0 0 0 0 2 0 0 0 0 0 1 1 0 0 0 0 0 0 0 0
210_GEN001 210_GEN001 0 0 0 -9 1 1 0 0 0 0 0 0 1 1 1 1 0 0 0 0 0 0 1 1 0 0 0 0 2 0 0 0 0 0 2 0 0 0 0 0 0 0 0 0
211_GEN/AT163 211_GEN/AT163 0 0 0 -9 0 0 0 0 0 0 0 0 0 0 0 0 0 0 2 0 0 0 0 0 1 1 0 0 2 0 1 1 1 1 1 1 0 0 0 0 0 0 1 1
213_GEN/ET206 213_GEN/ET206 0 0 0 -9 0 0 0 0 0 0 0 0 1 1 2 0 2 0 0 0 1 1 0 0 0 0 0 0 0 0 0 0 0 0 1 1 0 0 0 0 0 0 1 1
214_GEN/ET218 214_GEN/ET218 0 0 0 -9 0 0 0 0 0 0 0 0 0 0 0 0 0 0 0 0 1 1 0 0 0 0 0 0 1 1 0 0 0 0 1 1 0 0 0 0 0 0 0 0
215_GEN/ET159 215_GEN/ET159 0 0 0 -9 0 0 0 0 0 0 0 0 1 1 0 0 0 0 0 0 0 0 0 0 0 0 0 0 1 1 0 0 0 0 0 0 2 0 0 0 0 0 1 1
216_GEN/AT106 216_GEN/AT106 0 0 0 -9 0 0 0 0 0 0 1 1 0 0 0 0 0 0 0 0 1 1 0 0 0 0 0 0 1 1 1 1 1 1 0 0 2 0 0 0 1 1 0 0
217_GEN/AT119 217_GEN/AT119 0 0 0 -9 0 0 1 1 0 0 0 0 0 0 1 1 1 1 1 1 1 1 0 0 0 0 0 0 2 0 0 0 0 0 2 0 1 1 0 0 1 1 0 0
219_GEN/AT113 219_GEN/AT113 0 0 0 -9 1 1 0 0 0 0 0 0 1 1 2 0 2 0 0 0 0 0 0 0 0 0 0 0 0 0 1 1 1 1 1 1 1 1 0 0 2 0 0 0
220_GEN/AT131 220_GEN/AT131 0 0 0 -9 0 0 0 0 1 1 0 0 2 0 1 1 1 1 0 0 0 0 0 0 1 1 0 0 1 1 2 0 0 0 2 0 1 1 1 1 0 0 2 0
222_GEN/ET219 222_GEN/ET219 0 0 0 -9 0 0 0 0 1 1 0 0 1 1 1 1 0 0 0 0 1 1 0 0 0 0 0 0 1 1 0 0 0 0 1 1 0 0 0 0 0 0 1 1
223_GEN/ET070 223_GEN/ET070 0 0 0 -9 0 0 0 0 0 0 0 0 0 0 1 1 0 0 0 0 1 1 0 0 0 0 0 0 1 1 0 0 0 0 0 0 0 0 0 0 0 0 0 0
225_GEN/AT156 225_GEN/AT156 0 0 0 -9 1 1 0 0 0 0 0 0 1 1 0 0 0 0 2 0 1 1 0 0 0 0 0 0 0 0 1 1 0 0 0 0 2 0 0 0 0 0 2 0
226_GEN/AT017 226_GEN/AT017 0 0 0 -9 0 0 1 1 0 0 0 0 1 1 0 0 0 0 0 0 1 1 0 0 0 0 0 0 1 1 0 0 0 0 1 1 1 1 0 0 0 0 0 0
227_GEN/AT114 227_GEN/AT114 0 0 0 -9 0 0 1 1 0 0 0 0 0 0 2 0 0 0 0 0 0 0 0 0 0 0 0 0 1 1 1 1 0 0 1 1 2 0 0 0 1 1 0 0
228_GEN/AT132 228_GEN/AT132 0 0 0 -9 0 0 1 1 0 0 0 0 0 0 0 0 0 0 1 1 1 1 1 1 0 0 0 0 1 1 1 1 0 0 0 0 1 1 1 1 1 1 1 1
229_GEN/ET208 229_GEN/ET208 0 0 0 -9 0 0 0 0 0 0 0 0 1 1 1 1 0 0 0 0 0 0 0 0 0 0 0 0 1 1 0 0 0 0 1 1 2 0 0 0 0 0 1 1
230_GEN/ET220 230_GEN/ET220 0 0 0 -9 1 1 0 0 0 0 0 0 2 0 1 1 0 0 0 0 0 0 0 0 0 0 0 0 0 0 0 0 0 0 0 0 1 1 0 0 0 0 0 0
231_GEN/ET071 231_GEN/ET071 0 0 0 -9 1 1 0 0 1 1 0 0 2 0 1 1 0 0 0 0 0 0 0 0 1 1 0 0 0 0 0 0 0 0 1 1 0 0 0 0 0 0 1 1
232_GEN/AT155 232_GEN/AT155 0 0 0 -9 1 1 1 1 0 0 0 0 1 1 0 0 0 0 2 0 0 0 0 0 1 1 0 0 2 0 0 0 1 1 1 1 0 0 0 0 1 1 0 0
233_GEN/AT160 233_GEN/AT160 0 0 0 -9 0 0 0 0 0 0 0 0 0 0 0 0 1 1 0 0 0 0 0 0 0 0 0 0 1 1 0 0 0 0 0 0 0 0 0 0 0 0 0 0
234_GEN/AT019 234_GEN/AT019 0 0 0 -9 0 0 0 0 1 1 1 1 0 0 0 0 0 0 1 1 0 0 1 1 0 0 1 1 0 0 0 0 0 0 1 1 1 1 0 0 0 0 0 0
235_GEN/AT115 235_GEN/AT115 0 0 0 -9 0 0 0 0 0 0 1 1 1 1 1 1 0 0 1 1 0 0 1 1 0 0 1 1 1 1 0 0 0 0 2 0 1 1 0 0 0 0 2 0
236_GEN/AT137 236_GEN/AT137 0 0 0 -9 0 0 0 0 0 0 0 0 0 0 0 0 0 0 1 1 0 0 1 1 0 0 0 0 1 1 0 0 1 1 0 0 1 1 0 0 1 1 1 1
237_GEN/ET209 237_GEN/ET209 0 0 0 -9 0 0 0 0 0 0 0 0 0 0 1 1 0 0 0 0 0 0 0 0 0 0 0 0 0 0 0 0 0 0 1 1 1 1 0 0 0 0 0 0
238_GEN/ET221 238_GEN/ET221 0 0 0 -9 0 0 0 0 0 0 0 0 0 0 1 1 0 0 0 0 0 0 0 0 0 0 0 0 0 0 1 1 0 0 0 0 0 0 0 0 0 0 0 0
239_GEN/ET072 239_GEN/ET072 0 0 0 -9 0 0 0 0 0 0 0 0 1 1 2 0 0 0 0 0 1 1 0 0 0 0 0 0 2 0 0 0 0 0 0 0 0 0 0 0 0 0 0 0
240_GEN/AT111 240_GEN/AT111 0 0 0 -9 0 0 0 0 0 0 0 0 2 0 2 0 0 0 0 0 0 0 0 0 0 0 0 0 2 0 0 0 0 0 0 0 2 0 1 1 0 0 0 0
241_GEN/AT168 241_GEN/AT168 0 0 0 -9 0 0 0 0 0 0 0 0 1 1 1 1 0 0 0 0 1 1 0 0 0 0 0 0 1 1 1 1 2 0 1 1 2 0 0 0 1 1 1 1
243_GEN/AT116 243_GEN/AT116 0 0 0 -9 0 0 0 0 1 1 1 1 2 0 1 1 1 1 0 0 1 1 1 1 0 0 0 0 1 1 1 1 0 0 1 1 0 0 0 0 0 0 0 0
245_GEN/ET210 245_GEN/ET210 0 0 0 -9 0 0 0 0 0 0 0 0 0 0 2 0 0 0 0 0 0 0 0 0 0 0 0 0 1 1 0 0 0 0 1 1 1 1 0 0 0 0 1 1
246_GEN/ET222 246_GEN/ET222 0 0 0 -9 0 0 0 0 1 1 0 0 0 0 0 0 0 0 0 0 0 0 1 1 0 0 0 0 2 0 0 0 0 0 1 1 1 1 0 0 0 0 1 1
247_GEN/ET073 247_GEN/ET073 0 0 0 -9 0 0 0 0 0 0 0 0 1 1 0 0 0 0 0 0 1 1 0 0 0 0 0 0 0 0 0 0 0 0 0 0 1 1 0 0 0 0 0 0
248_GEN/AT138 248_GEN/AT138 0 0 0 -9 0 0 0 0 0 0 1 1 0 0 1 1 1 1 1 1 0 0 0 0 0 0 1 1 2 0 0 0 1 1 0 0 2 0 0 0 0 0 1 1
249_GEN/AT170 249_GEN/AT170 0 0 0 -9 0 0 1 1 0 0 1 1 1 1 2 0 0 0 0 0 0 0 0 0 0 0 0 0 1 1 2 0 0 0 0 0 1 1 0 0 0 0 0 0
250_GEN/AT044 250_GEN/AT044 0 0 0 -9 0 0 0 0 0 0 0 0 0 0 0 0 1 1 1 1 1 1 0 0 0 0 0 0 2 0 1 1 0 0 0 0 1 1 0 0 1 1 1 1
251_GEN/AT117 251_GEN/AT117 0 0 0 -9 0 0 0 0 0 0 0 0 1 1 1 1 1 1 0 0 0 0 0 0 0 0 0 0 2 0 0 0 0 0 2 0 1 1 0 0 0 0 0 0
252_GEN/ET155 252_GEN/ET155 0 0 0 -9 0 0 0 0 0 0 0 0 1 1 1 1 1 1 0 0 1 1 0 0 0 0 0 0 0 0 1 1 0 0 0 0 2 0 0 0 0 0 1 1
253_GEN/ET211 253_GEN/ET211 0 0 0 -9 0 0 0 0 0 0 0 0 0 0 1 1 0 0 0 0 0 0 0 0 0 0 0 0 1 1 0 0 0 0 1 1 1 1 0 0 0 0 1 1
254_GEN/ET223 254_GEN/ET223 0 0 0 -9 0 0 1 1 0 0 0 0 0 0 0 0 0 0 0 0 0 0 0 0 0 0 0 0 1 1 0 0 0 0 0 0 0 0 0 0 0 0 0 0
255_GEN/ET074 255_GEN/ET074 0 0 0 -9 0 0 0 0 0 0 0 0 1 1 2 0 0 0 0 0 1 1 0 0 0 0 0 0 2 0 0 0 0 0 0 0 0 0 0 0 1 1 0 0
256_GEN/AT136 256_GEN/AT136 0 0 0 -9 1 1 1 1 1 1 0 0 1 1 0 0 0 0 0 0 1 1 0 0 0 0 0 0 1 1 0 0 0 0 0 0 1 1 1 1 0 0 1 1
257_GEN/AT166 257_GEN/AT166 0 0 0 -9 1 1 1 1 0 0 0 0 0 0 0 0 1 1 2 0 1 1 0 0 0 0 0 0 2 0 0 0 0 0 1 1 0 0 0 0 0 0 0 0
258_GEN/AT049 258_GEN/AT049 0 0 0 -9 0 0 0 0 0 0 0 0 0 0 0 0 1 1 1 1 0 0 0 0 0 0 0 0 2 0 1 1 1 1 2 0 2 0 0 0 0 0 1 1
259_GEN/AT124 259_GEN/AT124 0 0 0 -9 0 0 1 1 0 0 0 0 0 0 0 0 0 0 0 0 0 0 0 0 0 0 0 0 2 0 0 0 1 1 2 0 0 0 0 0 0 0 1 1
261_GEN/ET212 261_GEN/ET212 0 0 0 -9 0 0 0 0 0 0 0 0 1 1 2 0 0 0 0 0 1 1 0 0 0 0 0 0 2 0 0 0 0 0 0 0 1 1 0 0 0 0 2 0
263_GEN/ET075 263_GEN/ET075 0 0 0 -9 0 0 0 0 0 0 0 0 0 0 1 1 0 0 0 0 0 0 0 0 0 0 0 0 0 0 0 0 0 0 0 0 2 0 0 0 0 0 1 1
264_GEN/AT135 264_GEN/AT135 0 0 0 -9 0 0 0 0 0 0 0 0 1 1 1 1 0 0 0 0 0 0 0 0 0 0 1 1 0 0 0 0 1 1 1 1 0 0 0 0 0 0 1 1
265_GEN/AT167 265_GEN/AT167 0 0 0 -9 1 1 0 0 1 1 0 0 1 1 2 0 0 0 0 0 1 1 0 0 0 0 0 0 1 1 0 0 2 0 1 1 2 0 2 0 0 0 1 1
266_GEN/AT050 266_GEN/AT050 0 0 0 -9 0 0 2 0 1 1 0 0 1 1 0 0 0 0 1 1 0 0 0 0 0 0 0 0 1 1 0 0 0 0 0 0 0 0 0 0 1 1 0 0
267_GEN/AT025 267_GEN/AT025 0 0 0 -9 0 0 1 1 0 0 0 0 1 1 0 0 0 0 2 0 0 0 0 0 1 1 0 0 1 1 1 1 0 0 1 1 2 0 0 0 2 0 1 1
269_GEN/ET213 269_GEN/ET213 0 0 0 -9 0 0 0 0 0 0 0 0 0 0 2 0 1 1 0 0 1 1 0 0 0 0 0 0 2 0 0 0 0 0 0 0 2 0 0 0 0 0 0 0
270_GEN/ET225 270_GEN/ET225 0 0 0 -9 0 0 0 0 0 0 0 0 0 0 1 1 1 1 0 0 1 1 0 0 0 0 0 0 2 0 0 0 0 0 0 0 0 0 0 0 0 0 1 1
271_GEN/ET076 271_GEN/ET076 0 0 0 -9 0 0 0 0 0 0 0 0 0 0 0 0 0 0 0 0 0 0 0 0 0 0 0 0 1 1 0 0 0 0 0 0 1 1 0 0 0 0 0 0
272_GEN/AT147 272_GEN/AT147 0 0 0 -9 0 0 2 0 0 0 0 0 0 0 0 0 0 0 0 0 0 0 0 0 0 0 0 0 0 0 1 1 0 0 0 0 1 1 0 0 0 0 1 1
